124,1
124,3
125,1
125,3
291,35
3,2
3,1
3,3
10,2
10,1
10,3
11,2
11,1
11,3
9,2
9,1
9,3
8,2
8,1
8,3
12,2
12,1
12,3
20,2
20,1
20,3
0,392
19,2
19,1
19,3
290,4
290,3
290,2
290,1
290,0
288,4
288,3
288,2
288,1
288,0
287,4
287,3
287,2
287,1
287,0
286,5
286,4
286,3
286,2
286,1
286,0
284,5
284,4
284,3
284,2
284,1
284,0
282,4
282,3
282,2
18,1
18,3
14,1
14,4
14,3
13,1
13,3
2,2
2,1
2,3
282,1
282,0
281,4
281,3
281,2
281,1
281,0
280,4
280,3
280,2
280,1
280,0
279,6
279,5
279,4
279,3
279,2
279,1
279,0
276,5
276,4
276,3
276,2
276,1
276,0
274,5
274,4
274,3
274,2
274,1
274,0
272,4
272,3
272,2
272,1
272,0
268,3
268,2
268,1
268,0
266,3
266,2
266,1
